       1	   8	       128	     0.013 
       1	  16	        64	     0.018 
       1	  32	        32	     0.018 
       1	  64	        16	     0.020 
       1	 128	         8	     0.021 
       1	 256	         4	     0.014 
       1	 512	         2	     0.015 
       4	   8	       512	     0.082 
       4	  16	       256	     0.047 
       4	  32	       128	     0.056 
       4	  64	        64	     0.053 
       4	 128	        32	     0.053 
       4	 256	        16	     0.047 
       4	 512	         8	     0.044 
       8	   8	      1024	     0.133 
       8	  16	       512	     0.137 
       8	  32	       256	     0.143 
       8	  64	       128	     0.136 
       8	 128	        64	     0.161 
       8	 256	        32	     0.103 
       8	 512	        16	     0.102 
      16	   8	      2048	     0.214 
      16	  16	      1024	     0.223 
      16	  32	       512	     0.233 
      16	  64	       256	     0.218 
      16	 128	       128	     0.194 
      16	 256	        64	     0.298 
      16	 512	        32	     0.300 
      32	   8	      4096	     0.378 
      32	  16	      2048	     0.596 
      32	  32	      1024	     0.420 
      32	  64	       512	     0.482 
      32	 128	       256	     0.412 
      32	 256	       128	     0.370 
      32	 512	        64	     0.564 
      64	   8	      8192	     1.004 
      64	  16	      4096	     1.210 
      64	  32	      2048	     1.261 
      64	  64	      1024	     0.866 
      64	 128	       512	     1.385 
      64	 256	       256	     1.356 
      64	 512	       128	     0.996 
     128	   8	     16384	     1.482 
     128	  16	      8192	     1.348 
     128	  32	      4096	     2.271 
     128	  64	      2048	     1.573 
     128	 128	      1024	     2.479 
     128	 256	       512	     2.481 
     128	 512	       256	     2.245 
     256	   8	     32768	     0.687 
     256	  16	     16384	     0.875 
     256	  32	      8192	     0.921 
     256	  64	      4096	     0.980 
     256	 128	      2048	     1.147 
     256	 256	      1024	     0.947 
     256	 512	       512	     1.095 
     512	   8	     65536	     1.311 
     512	  16	     32768	     1.767 
     512	  32	     16384	     2.142 
     512	  64	      8192	     2.315 
     512	 128	      4096	     1.825 
     512	 256	      2048	     2.322 
     512	 512	      1024	     2.296 
    1024	   8	    131072	     1.842 
    1024	  16	     65536	     2.716 
    1024	  32	     32768	     2.705 
    1024	  64	     16384	     3.180 
    1024	 128	      8192	     3.763 
    1024	 256	      4096	     3.007 
    1024	 512	      2048	     3.103 
    2048	   8	    262144	     2.176 
    2048	  16	    131072	     3.212 
    2048	  32	     65536	     4.317 
    2048	  64	     32768	     5.333 
    2048	 128	     16384	     5.393 
    2048	 256	      8192	     5.444 
    2048	 512	      4096	     5.411 
    3072	   8	    393216	     2.355 
    3072	  16	    196608	     3.699 
    3072	  32	     98304	     4.707 
    3072	  64	     49152	     5.589 
    3072	 128	     24576	     5.610 
    3072	 256	     12288	     6.504 
    3072	 512	      6144	     6.041 
    4096	   8	    524288	     2.325 
    4096	  16	    262144	     4.038 
    4096	  32	    131072	     5.641 
    4096	  64	     65536	     6.631 
    4096	 128	     32768	     6.866 
    4096	 256	     16384	     6.835 
    4096	 512	      8192	     6.187 
    5120	   8	    655360	     2.542 
    5120	  16	    327680	     4.418 
    5120	  32	    163840	     6.658 
    5120	  64	     81920	     8.100 
    5120	 128	     40960	     8.421 
    5120	 256	     20480	     8.148 
    5120	 512	     10240	     8.502 
    6144	   8	    786432	     2.533 
    6144	  16	    393216	     4.563 
    6144	  32	    196608	     6.370 
    6144	  64	     98304	     8.283 
    6144	 128	     49152	     8.327 
    6144	 256	     24576	     8.791 
    6144	 512	     12288	     9.319 
    7168	   8	    917504	     2.647 
    7168	  16	    458752	     4.766 
    7168	  32	    229376	     7.134 
    7168	  64	    114688	     9.152 
    7168	 128	     57344	     9.739 
    7168	 256	     28672	     9.449 
    7168	 512	     14336	     9.551 
    8192	   8	   1048576	     2.665 
    8192	  16	    524288	     4.660 
    8192	  32	    262144	     7.576 
    8192	  64	    131072	     9.604 
    8192	 128	     65536	     9.306 
    8192	 256	     32768	    10.219 
    8192	 512	     16384	     9.427 
    9216	   8	   1179648	     2.695 
    9216	  16	    589824	     4.940 
    9216	  32	    294912	     7.709 
    9216	  64	    147456	     9.276 
    9216	 128	     73728	    10.464 
    9216	 256	     36864	     9.708 
    9216	 512	     18432	    10.174 
   10240	   8	   1310720	     2.679 
   10240	  16	    655360	     4.949 
   10240	  32	    327680	     7.818 
   10240	  64	    163840	     9.141 
   10240	 128	     81920	    10.481 
   10240	 256	     40960	    10.661 
   10240	 512	     20480	    10.634 
