       1	   8	       128	     0.013 
       1	  16	        64	     0.016 
       1	  32	        32	     0.013 
       1	  64	        16	     0.017 
       1	 128	         8	     0.017 
       1	 256	         4	     0.017 
       1	 512	         2	     0.017 
       4	   8	       512	     0.082 
       4	  16	       256	     0.080 
       4	  32	       128	     0.055 
       4	  64	        64	     0.062 
       4	 128	        32	     0.067 
       4	 256	        16	     0.073 
       4	 512	         8	     0.057 
       8	   8	      1024	     0.123 
       8	  16	       512	     0.082 
       8	  32	       256	     0.112 
       8	  64	       128	     0.139 
       8	 128	        64	     0.110 
       8	 256	        32	     0.110 
       8	 512	        16	     0.107 
      16	   8	      2048	     0.187 
      16	  16	      1024	     0.217 
      16	  32	       512	     0.170 
      16	  64	       256	     0.214 
      16	 128	       128	     0.221 
      16	 256	        64	     0.335 
      16	 512	        32	     0.326 
      32	   8	      4096	     0.376 
      32	  16	      2048	     0.585 
      32	  32	      1024	     0.609 
      32	  64	       512	     0.437 
      32	 128	       256	     0.432 
      32	 256	       128	     0.629 
      32	 512	        64	     0.433 
      64	   8	      8192	     0.964 
      64	  16	      4096	     1.202 
      64	  32	      2048	     0.800 
      64	  64	      1024	     1.271 
      64	 128	       512	     1.317 
      64	 256	       256	     1.285 
      64	 512	       128	     1.135 
     128	   8	     16384	     0.483 
     128	  16	      8192	     0.437 
     128	  32	      4096	     0.440 
     128	  64	      2048	     0.578 
     128	 128	      1024	     0.674 
     128	 256	       512	     0.622 
     128	 512	       256	     0.685 
     256	   8	     32768	     0.795 
     256	  16	     16384	     0.877 
     256	  32	      8192	     0.955 
     256	  64	      4096	     1.306 
     256	 128	      2048	     1.229 
     256	 256	      1024	     1.145 
     256	 512	       512	     1.346 
     512	   8	     65536	     1.228 
     512	  16	     32768	     1.617 
     512	  32	     16384	     2.139 
     512	  64	      8192	     1.977 
     512	 128	      4096	     1.956 
     512	 256	      2048	     2.357 
     512	 512	      1024	     2.094 
    1024	   8	    131072	     1.662 
    1024	  16	     65536	     2.840 
    1024	  32	     32768	     3.680 
    1024	  64	     16384	     3.370 
    1024	 128	      8192	     2.953 
    1024	 256	      4096	     3.412 
    1024	 512	      2048	     3.851 
    2048	   8	    262144	     2.294 
    2048	  16	    131072	     3.636 
    2048	  32	     65536	     5.190 
    2048	  64	     32768	     5.473 
    2048	 128	     16384	     6.504 
    2048	 256	      8192	     6.569 
    2048	 512	      4096	     5.480 
    3072	   8	    393216	     2.449 
    3072	  16	    196608	     3.806 
    3072	  32	     98304	     5.920 
    3072	  64	     49152	     7.373 
    3072	 128	     24576	     7.664 
    3072	 256	     12288	     7.638 
    3072	 512	      6144	     7.542 
    4096	   8	    524288	     2.530 
    4096	  16	    262144	     4.320 
    4096	  32	    131072	     6.635 
    4096	  64	     65536	     8.315 
    4096	 128	     32768	     8.730 
    4096	 256	     16384	     8.472 
    4096	 512	      8192	     8.724 
    5120	   8	    655360	     2.538 
    5120	  16	    327680	     4.364 
    5120	  32	    163840	     6.681 
    5120	  64	     81920	     8.653 
    5120	 128	     40960	     8.512 
    5120	 256	     20480	     8.820 
    5120	 512	     10240	     8.495 
    6144	   8	    786432	     2.626 
    6144	  16	    393216	     4.558 
    6144	  32	    196608	     6.876 
    6144	  64	     98304	     9.037 
    6144	 128	     49152	     9.169 
    6144	 256	     24576	     9.544 
    6144	 512	     12288	     9.863 
    7168	   8	    917504	     2.685 
    7168	  16	    458752	     4.669 
    7168	  32	    229376	     6.971 
    7168	  64	    114688	     9.799 
    7168	 128	     57344	    10.777 
    7168	 256	     28672	    10.280 
    7168	 512	     14336	    10.344 
    8192	   8	   1048576	     2.703 
    8192	  16	    524288	     5.024 
    8192	  32	    262144	     7.752 
    8192	  64	    131072	    10.177 
    8192	 128	     65536	    11.231 
    8192	 256	     32768	    12.108 
    8192	 512	     16384	    11.307 
    9216	   8	   1179648	     2.780 
    9216	  16	    589824	     4.913 
    9216	  32	    294912	     8.272 
    9216	  64	    147456	    11.852 
    9216	 128	     73728	    12.512 
    9216	 256	     36864	    11.637 
    9216	 512	     18432	    11.725 
   10240	   8	   1310720	     2.809 
   10240	  16	    655360	     5.031 
   10240	  32	    327680	     8.446 
   10240	  64	    163840	    11.512 
   10240	 128	     81920	    12.757 
   10240	 256	     40960	    12.042 
   10240	 512	     20480	    12.740 
